12282
12329
12329
12406
12406
12994
12994
13008
13008
13680
13680
14499
14499
16720
16720
16939
16939
19167
19167
19506
19506
20008
20008
22320
22320
22415
22415
22485
22485
22653
22653
22669
22669
22724
22724
22822
22822
22858
22858
22900
22900
22933
22933
23052
23052
23120
23120
23220
23220
23476
23476
24520
24520
24559
24559
24741
24741
26320
26320
26407
26407
26443
26443
26472
26472
27206
27206
27863
27863
27881
27881
28504
28504
28777
28777
28837
28837
28920
28920
33279
33279
35350
35350
35427
35427
35782
35782
35853
35853
35924
35924
36110
36110
36274
36274
36347
36347
36630
36630
36690
36690
37190
37190
48024
48024
48372
48372
48570
48570
48650
48650
48718
48718
48786
48786
48838
48838
48879
48879
48964
48964
49015
49015
49138
49138
49255
49255
49412
49412
49479
49479
49501
49501
49512
49512
49606
49606
51509
51509
51664
51664
51732
51732
52204
52204
52258
52258
52704
52704
52903
52903
53025
53025
53764
53764
53778
53781
54084
54084
54228
54228
54559
54559
54693
54693
54833
54833
54927
54927
55346
55346
56397
56397
57136
57136
57178
57178
57240
57240
57347
57347
57431
57431
57634
57634
57656
57656
57929
57929
57951
57951
57973
57973
58215
58215
58261
58261
58399
58399
58550
58550
58655
58655
58733
58733
58834
58834
58883
58883
58942
58942
59254
59254
59410
59410
59537
59537
59708
59708
60166
60166
60206
60206
60271
60271
60595
60595
60724
60724
60742
60742
60760
60760
60778
60778
60904
60904
61058
61058
61347
61347
61434
61434
61581
61581
61673
61673
61827
61827
61983
61983
62131
62131
62217
62217
62325
62325
62396
62396
62478
62478
62533
62533
62558
62558
62817
62817
63082
63082
63454
63454
63717
63717
64016
64016
64091
64091
64145
64145
64550
64550
65014
65014
65565
65565
66394
66394
66502
66502
67224
67224
67300
67300
67342
67342
67462
67462
67582
67582
67632
67632
67777
67777
68015
68015
68156
68156
68279
68279
68357
68357
68389
68389
68428
68428
68566
68566
68620
68620
68714
68714
68902
68902
69089
69089
69959
73159
73323
73323
73373
73373
73675
73675
73862
73862
74489
74489
74534
74534
74580
74580
74611
74611
74650
74650
74750
74750
74848
74848
74884
74884
74928
74928
75111
75111
75153
75153
75184
75184
75226
75226
75416
75416
75470
75470
75656
75656
75703
75703
75761
75761
75807
75807
75846
75846
75887
75887
75918
75918
75949
75949
76948
76948
77060
77060
77107
77107
77689
77689
77748
77748
77831
77831
78731
78731
78861
78861
78891
78891
78902
78902
78932
78932
78962
78962
78999
78999
79033
79033
79067
79067
79100
79100
79134
79134
79168
79168
79201
79201
79231
79231
79261
79261
79291
79291
79335
79335
79365
79365
79399
79399
79417
79417
79435
79435
79453
79453
79468
79468
79490
79490
79512
79512
79534
79534
79568
79568
79584
79584
79628
79628
79672
79672
79716
79716
80171
80171
80233
80233
80268
80268
80406
80406
80550
80550
80600
80600
80654
80654
80734
80734
80775
80775
80825
80825
80881
80881
83133
83133
83177
83177
83535
83535
83832
83832
85440
85440
85479
85479
86212
86212
87694
87694
87805
87805
88063
88063
88287
88287
88417
88417
88482
88482
88562
88562
88656
88656
88874
88874
88900
88900
88953
88953
89050
89050
89092
89092
89123
89123
89220
89220
89272
89272
89317
89317
89374
89374
89554
89554
89606
89606
89681
89681
89791
89791
89977
89977
90384
90384
90550
90550
90561
90561
90621
90621
90681
90681
90861
90861
90889
90889
90917
90917
90941
90941
90965
90965
91020
91020
91075
91075
91125
91125
91175
91175
91224
91224
91273
91273
91393
91393
91532
91532
91740
91740
91772
91772
91837
91837
91997
91997
92087
92087
92155
92155
92469
92469
92540
92540
92607
92607
92624
92624
92642
92642
93110
93110
93154
93154
93224
93224
93340
93340
93414
93414
94065
94065
94306
94306
94333
94333
94360
94360
94514
94514
94839
94839
94926
94926
95006
95006
95032
95032
95100
95100
97027
97027
98443
98443
98479
98479
98659
98659
98701
98701
98724
98724
98762
98762
98946
98946
99796
99796
99841
99841
100099
100099
100151
100151
100193
100193
100225
100225
100261
100261
100299
100299
100331
100331
100363
100363
100395
100395
100427
100427
100489
100489
100528
100528
100560
100560
100627
100627
100658
100658
100689
100689
100925
